10 10
-1 -1 -1 -1 0 14 -1 -1 -1 -1
-1 -1 -1 -1 12 0 -1 -1 -1 -1
-1 -1 5 0 11 0 18 19 -1 -1
-1 -1 4 7 10 0 21 0 -1 -1
-1 2 0 51 0 0 0 23 0 -1
-1 1 0 0 0 56 55 0 24 -1
45 43 0 41 0 0 0 0 28 29
0 0 0 48 0 0 0 0 0 0
-1 -1 -1 -1 0 38 -1 -1 -1 -1
-1 -1 -1 -1 36 0 -1 -1 -1 -1

10 10
0 34 0 0 0 0 69 0 0 0
0 35 28 29 0 0 64 63 0 72
0 0 26 0 30 0 0 59 75 0
0 24 0 22 -1 0 0 0 57 0
0 0 20 0 -1 -1 -1 0 0 79
18 19 0 -1 -1 -1 0 54 0 92
17 0 0 0 45 -1 52 53 91 0
0 0 7 13 0 0 0 84 0 0
0 5 0 9 0 50 0 0 85 0
3 0 1 10 0 49 0 0 0 88

10 10
0 0 0 0 0 0 0 0 0 0
0 35 28 29 0 0 64 63 0 72
0 0 26 0 30 0 0 59 75 0
0 24 0 22 -1 0 0 0 57 0
0 0 0 0 -1 -1 -1 0 0 79
18 19 0 -1 -1 -1 0 54 0 92
0 0 0 0 45 -1 52 53 91 0
0 0 7 0 0 0 0 84 0 0
0 5 0 9 0 50 0 0 85 0
3 0 1 10 0 49 0 0 0 88

9 9
0 9 10 0 0 0 0 23 0
0 0 0 0 28 27 26 0 0
4 0 0 0 0 30 0 32 0
0 0 15 17 38 0 36 0 0
0 0 0 0 0 41 0 0 48
0 0 61 1 0 43 44 0 0
0 0 55 66 0 0 0 0 0
63 0 0 0 53 68 51 0 0
81 80 0 0 0 0 0 0 0

10 10
100 99 0 0 85 0 0 0 1 0
0 0 82 0 0 0 87 0 5 0
0 81 0 96 0 0 0 9 0 0
76 0 67 0 92 0 0 21 19 0
70 75 0 0 0 91 22 0 18 0
0 73 0 0 0 64 62 60 0 13
0 0 0 29 0 0 0 59 16 0
0 35 31 0 27 0 0 0 57 0
0 36 39 41 0 46 49 0 56 0
0 0 0 0 42 50 0 0 0 54

12 12
0 0 0 0 123 0 0 23 25 0 0 0
99 0 0 105 0 0 21 0 26 31 30 0
100 0 0 126 0 19 0 0 27 0 0 0
0 0 119 127 0 108 1 0 0 0 0 0
96 0 0 0 0 0 115 0 0 15 0 0
0 131 0 0 0 0 0 4 0 42 13 0
132 0 92 0 113 0 46 5 0 0 0 0
133 0 91 51 50 0 0 44 64 65 9 0
0 90 0 0 0 53 0 0 61 0 0 0
136 0 87 86 0 0 57 80 0 0 0 68
0 139 0 0 0 55 0 79 0 0 0 69
0 0 141 0 144 83 0 0 78 74 0 0